3.38 1635210086.0
7.22 1635210336.0
0.7 1635211572.0
6.3 1635212054.0
2.06 1635212354.0
2.06 1635213320.0
2.64 1635213472.0
16.5 1635213824.0
2.4 1635214842.0
5.26 1635214996.0
4.22 1635215062.0
0.94 1635216254.0
7.52 1635217244.0
1.92 1635219860.0
0.74 1635220111.0
2.6 1635220691.0
0.6 1635221097.0
0.1 1635222819.0
0.74 1635223711.0
3.62 1635225661.0
0.18 1635226373.0
0.6 1635227810.0
7.02 1635227899.0
2.38 1635228611.0
5.42 1635229426.0
2.86 1635230792.0
0.36 1635231004.0
3.3 1635231836.0
4.74 1635233612.0
1.28 1635233851.0
0.38 1635234069.0
0.68 1635234339.0
0.68 1635234647.0
4.38 1635234752.0
0.46 1635234831.0
0.6 1635236088.0
3.56 1635236258.0
1.92 1635237318.0
2.92 1635238373.0
5.7 1635238427.0
2.48 1635238568.0
9.92 1635239152.0
0.22 1635239336.0
8.58 1635239376.0
0.1 1635240877.0
2.92 1635241956.0
2.14 1635242504.0
1.68 1635242617.0
1.64 1635242806.0
2.58 1635243346.0
2.2 1635244049.0
0.36 1635248110.0
1.06 1635249072.0
2.1 1635249188.0
1.58 1635249236.0
1.34 1635249326.0
3.06 1635249544.0
1.4 1635249771.0
2.14 1635251666.0
0.64 1635251864.0
5.86 1635252147.0
1.06 1635252157.0
9.82 1635252809.0
1.24 1635253254.0
0.34 1635254366.0
3.3 1635254533.0
0.16 1635254683.0
0.2 1635255434.0
0.04 1635255802.0
2.84 1635256667.0
1.3 1635258341.0
2.3 1635258354.0
1.06 1635258575.0
3.78 1635258803.0
0.42 1635259039.0
0.5 1635260154.0
1.02 1635260967.0
2.18 1635262222.0
0.12 1635262284.0
1.9 1635262511.0
2.32 1635262569.0
3.0 1635262737.0
1.4 1635262941.0
1.88 1635263338.0
0.38 1635264167.0
1.0 1635264333.0
3.4 1635264634.0
0.08 1635265070.0
0.86 1635267779.0
0.54 1635269173.0
0.68 1635269364.0
1.1 1635270635.0
0.8 1635272664.0
1.88 1635272913.0
6.78 1635274113.0
2.68 1635275672.0
3.92 1635275873.0
0.3 1635276797.0
2.08 1635277078.0
0.6 1635277422.0
1.7 1635277425.0
0.96 1635278367.0
0.94 1635278389.0
2.26 1635193199.0
0.52 1635193328.0
1.76 1635194195.0
1.14 1635195154.0
0.42 1635195899.0
2.62 1635196044.0
1.18 1635196063.0
3.9 1635196070.0
8.0 1635197268.0
0.16 1635197631.0
0.68 1635197888.0
0.42 1635199272.0
0.72 1635199345.0
4.0 1635200068.0
3.4 1635200917.0
2.92 1635201498.0
2.38 1635203208.0
0.54 1635204262.0
3.64 1635205140.0
1.34 1635205471.0
4.58 1635206817.0
1.24 1635206906.0
5.18 1635207097.0
3.3 1634776322.0
0.26 1634778207.0
0.6 1634778326.0
1.3 1634779617.0
4.64 1634780233.0
1.0 1634781311.0
3.04 1634782518.0
0.76 1634782643.0
0.26 1634783440.0
1.5 1634783913.0
4.16 1634784527.0
0.8 1634785361.0
6.44 1634785507.0
4.12 1634785671.0
0.8 1634787953.0
5.1 1634788055.0
0.24 1634788554.0
0.18 1634788655.0
5.9 1634791943.0
3.28 1634793738.0
1.74 1634794872.0
2.88 1634798213.0
4.16 1634798480.0
1.96 1634801277.0
0.24 1634802042.0
2.06 1634802835.0
2.12 1634803477.0
9.52 1634804305.0
0.66 1634805314.0
0.58 1634805531.0
0.4 1634806503.0
0.22 1634807188.0
2.4 1634807232.0
0.68 1634807435.0
9.58 1634807678.0
1.1 1634808813.0
0.38 1634808869.0
0.9 1634809203.0
2.24 1634809287.0
0.06 1634810458.0
10.06 1634811472.0
0.72 1634812038.0
1.8 1634812287.0
0.46 1634814088.0
0.22 1634814116.0
0.6 1634814935.0
0.4 1634816782.0
1.8 1634816987.0
3.12 1634817351.0
0.38 1634817377.0
0.58 1634817977.0
2.02 1634818354.0
4.38 1634819809.0
0.22 1634820337.0
2.94 1634820351.0
0.12 1634820695.0
3.62 1634820943.0
0.08 1634822223.0
0.2 1634823586.0
1.26 1634823805.0
3.42 1634824034.0
16.06 1634825173.0
3.86 1634825434.0
0.06 1634826013.0
0.66 1634826727.0
0.72 1634828621.0
2.28 1634829706.0
3.46 1634830950.0
0.84 1634831151.0
0.22 1634831298.0
2.24 1634831313.0
0.46 1634831810.0
2.88 1634831987.0
0.82 1634832414.0
0.74 1634832669.0
0.24 1634832706.0
0.22 1634834627.0
1.06 1634835163.0
3.04 1634835396.0
1.72 1634836879.0
6.0 1634838059.0
1.66 1634838178.0
6.04 1634840547.0
5.72 1634840691.0
4.5 1634841165.0
0.36 1634841763.0
3.44 1634842312.0
2.88 1634845765.0
0.64 1634593215.0
0.88 1634593650.0
4.54 1634593821.0
1.96 1634594143.0
2.54 1634595600.0
2.28 1634596505.0
1.4 1634596649.0
2.36 1634596750.0
2.18 1634596813.0
7.66 1634597565.0
3.94 1634598415.0
3.46 1634599021.0
0.18 1634600228.0
2.56 1634600454.0
1.48 1634600481.0
2.78 1634601116.0
0.24 1634601830.0
0.92 1634603111.0
0.4 1634603730.0
4.84 1634607031.0
1.26 1634607366.0
6.8 1634607622.0
1.2 1634608950.0
1.2 1634609701.0
0.26 1634609811.0
5.36 1634610634.0
5.84 1634610957.0
9.64 1634611060.0
0.78 1634611536.0
0.18 1634611538.0
2.04 1634611851.0
3.32 1634612348.0
3.06 1634614730.0
0.1 1634615304.0
0.06 1634615395.0
0.58 1634617017.0
2.34 1634617054.0
2.24 1634617140.0
8.96 1634617544.0
2.84 1634618210.0
0.66 1634618985.0
0.58 1634620976.0
0.74 1634621449.0
0.76 1634621455.0
0.36 1634622281.0
1.46 1634622699.0
0.96 1634622820.0
6.26 1634623161.0
1.84 1634623484.0
5.04 1634624365.0
2.5 1634626385.0
0.58 1634627031.0
1.72 1634627313.0
0.62 1634628465.0
4.58 1634629109.0
0.12 1634629721.0
0.9 1634630278.0
5.36 1634630312.0
2.4 1634630730.0
4.58 1634631373.0
2.8 1634633508.0
0.08 1634633935.0
0.18 1634633970.0
2.16 1634635277.0
5.48 1634635453.0
2.04 1634636063.0
0.36 1634636643.0
1.32 1634637079.0
2.68 1634637767.0
6.22 1634638119.0
0.5 1634638316.0
0.26 1634638445.0
0.04 1634638539.0
3.92 1634638697.0
4.58 1634639184.0
1.2 1634640710.0
4.2 1634640942.0
0.64 1634641534.0
1.3 1634641959.0
1.08 1634642837.0
4.12 1634643226.0
0.06 1634643578.0
2.34 1634643671.0
17.66 1634645196.0
1.66 1634645730.0
0.6 1634646457.0
1.04 1634647278.0
1.86 1634647379.0
0.42 1634648361.0
0.54 1634649710.0
1.28 1634649712.0
14.2 1634649804.0
1.18 1634649820.0
0.06 1634650196.0
4.62 1634650362.0
1.42 1634650503.0
0.24 1634650945.0
0.06 1634651827.0
0.84 1634651861.0
0.18 1634651937.0
2.64 1634653007.0
2.66 1634654082.0
6.62 1634654218.0
0.48 1634654717.0
1.22 1634654911.0
0.36 1634655393.0
0.2 1634655580.0
1.58 1634656604.0
2.82 1634657139.0
0.88 1634658414.0
4.84 1634658987.0
0.28 1634761326.0
2.12 1634761429.0
2.82 1634762329.0
1.94 1634762804.0
4.8 1634763183.0
0.38 1634763981.0
2.68 1634764259.0
0.18 1634764334.0
2.2 1634765372.0
1.46 1634767354.0
4.58 1634768482.0
0.66 1634768642.0
2.62 1634770303.0
1.3 1634771252.0
9.36 1634771564.0
3.28 1634771904.0
1.34 1634773205.0
0.24 1634774628.0
1.54 1634774772.0
2.44 1634774961.0
0.66 1634775160.0
8.82 1634775693.0
